.Random.seed <-
c(403L, 472L, -625393376L, -1165873961L, -2107141212L, -1721119081L, 
1524177310L, -302179151L, 1142115494L, 1591923599L, 1686959014L, 
-2069872961L, -225076318L, 974577983L, -1684227872L, 1196541226L, 
57522112L, 613728536L, 1534599371L, -39776733L, -1843004564L, 
-688844694L, 1870077738L, -2029981793L, -611550754L, 1151832610L, 
698149918L, -1142710625L, -1137526778L, -142530177L, -982606313L, 
-1589166171L, -790044823L, 47708424L, -1397179037L, 1588504166L, 
-1745618240L, 1428568186L, -1710592795L, -231907816L, -262502758L, 
-2087309234L, -432882039L, -505483888L, 1031002151L, -1168980856L, 
240737451L, 815671466L, -1602125457L, 530126627L, -1560942533L, 
1778026023L, -283656189L, -1119672464L, -1884359075L, -373857937L, 
556960731L, -1872652433L, 955638902L, 544439002L, 15145220L, 
2063008430L, 2118786894L, 1033928354L, 153219355L, 2016785573L, 
773275277L, -1590019737L, -1921121972L, 216613729L, 1447238639L, 
-350649309L, 386651805L, 881877827L, 1101668897L, -2112978531L, 
1992245723L, 1705978225L, -445262602L, -1542646399L, -1469609771L, 
-1428271930L, 572307863L, -1125173749L, 2067752702L, -1423966527L, 
1716646070L, -1164880363L, 2050721218L, -774728232L, -2013135012L, 
-1528099603L, 2125807703L, 1558940106L, 1184786892L, -2034826808L, 
414662679L, 1632168730L, 1014790660L, -955606883L, -1728803809L, 
-1560796554L, -465581281L, 488819684L, -582662152L, -899470466L, 
748656802L, -2146507026L, -1500315694L, -137372064L, 740791640L, 
1283984439L, -1288235874L, 1080565524L, 534976927L, -1017138437L, 
-466318183L, -1508086661L, -488539333L, 483207378L, 1133337335L, 
49432499L, 974259342L, -184817124L, -668001227L, 840311656L, 
-2070027173L, -1991642039L, -2121069655L, 647115519L, 1888286061L, 
1279011089L, -1859595022L, 1612696342L, 1260905362L, -594633765L, 
718158927L, -234295998L, -1603328466L, -1658046610L, 825348920L, 
-1329396264L, -1114335422L, 1138833636L, 1603450820L, 109571744L, 
459189010L, 1275067023L, -402701393L, -579286814L, -1970749176L, 
857032565L, 910015714L, 263967285L, -304276183L, -1125186310L, 
1013336258L, 941132451L, 348378911L, 362915314L, -878827684L, 
-1751425636L, -1755222930L, -651532929L, 1849375922L, -1727440079L, 
-1111995159L, -573914319L, 1103599986L, 1654211934L, 880761139L, 
774335448L, -1150419025L, -592339228L, -179034323L, -991262457L, 
1470268439L, 217903244L, -1291901518L, -149643207L, -119062542L, 
-2081771214L, 721541688L, -1238634769L, 475539965L, -1502951397L, 
107607016L, 976371976L, -1035420709L, 538661366L, 1250388463L, 
-49034607L, -1911985641L, 1464631163L, -1066455732L, 970851595L, 
1824577138L, 258144079L, -45300716L, 1425875720L, 1197278040L, 
-154868622L, -743737802L, 106553531L, 1404601233L, -520146743L, 
-153828348L, 1852968617L, 1777662424L, 1354831604L, -1508990498L, 
571045206L, -164769177L, -2094446530L, -1053613108L, 858071399L, 
-1094023380L, 390172117L, 1113815556L, -667830811L, 1343261090L, 
-1071606398L, -1534363619L, -359283680L, -1496347941L, 1001316578L, 
-1779583972L, 1470444605L, 1041687769L, 1983399100L, -1013870137L, 
598473069L, 681711899L, 125856113L, 913276900L, 1331365168L, 
-155142195L, 884520723L, 990111949L, 2105679791L, 188720233L, 
-361661869L, 411681672L, -1124615647L, -886726043L, 157814674L, 
-400295776L, -378833872L, 1843362478L, -121137892L, 1322489738L, 
-1555515544L, 427006649L, 24565827L, 892610420L, -1197206849L, 
-1629485152L, 1129498014L, -513597519L, -1245584682L, -1000333353L, 
-1738260764L, 1803485087L, -1073490009L, 945094127L, 483486348L, 
768525250L, -252240182L, 526153987L, -279239372L, -1028943405L, 
2076780962L, -1408079304L, -1918988944L, 1729259692L, 605724541L, 
-920477449L, -991982485L, -1504039321L, 938946968L, 1834792990L, 
-1643071277L, 1193746593L, 68130563L, 933597548L, 2081982280L, 
-1128042321L, 75670268L, -763376881L, -433250002L, -1802540024L, 
-980982958L, -252582883L, -801929024L, 169033968L, 295978374L, 
-1651032470L, -372716198L, 735329318L, -1904493953L, -1263576754L, 
171195803L, 46887537L, -787108275L, -700205925L, -1973608620L, 
1095402540L, 741908030L, -320815217L, -1029592092L, -1658068217L, 
-1193984722L, 113287600L, 1430373934L, -1640625503L, -1281883588L, 
1581385305L, -1033566921L, 2029865690L, -587699933L, -1324633885L, 
1966383144L, -1051526522L, -1021887183L, 1650582257L, -1284832187L, 
-483763274L, 759061452L, 1914759650L, -163597470L, 574985778L, 
1852743313L, -588021302L, -62041367L, -818383510L, 355150928L, 
-1378557663L, -1923795408L, -190424024L, -510056052L, -1630241173L, 
928212973L, 1375812607L, -746998192L, -1488990926L, 269389930L, 
-896538517L, 1848840975L, 1825191651L, -688526335L, 65837112L, 
3704987L, 849800540L, -874384789L, -2040613503L, -791935836L, 
2101499266L, 1641048099L, 1989849043L, -1992217997L, -1046468679L, 
-1550451485L, 1208840239L, -1231891268L, 1743673171L, 334844056L, 
1682615363L, 1744723443L, -1397526390L, 999588368L, -648345227L, 
2126979404L, 985100436L, -850652696L, 393812098L, 1943347409L, 
237594637L, -1722556705L, -1894325651L, 1282718073L, 296175458L, 
-1701947263L, 1169806554L, -215180867L, -1574770091L, -1521916547L, 
1145866400L, 409509085L, -932572144L, -1220562685L, 524084087L, 
890056202L, -1286988580L, -1547463673L, 719139192L, 1542271007L, 
-275354046L, 2111219437L, -486182778L, 1821395802L, 1337814598L, 
1830285729L, 1047567520L, -1187601435L, 1043346967L, 2002401376L, 
-679853131L, 1338249947L, -492143248L, 539141333L, -462626830L, 
-1509090527L, 1157133979L, 902249115L, -26071469L, 1749355893L, 
-1501458899L, -91686424L, 1059824711L, 2129036386L, 299730867L, 
-1758367366L, -987992982L, 146666686L, 1213548917L, -372558592L, 
-1899560543L, -87196979L, -1478329676L, 216002178L, 300533363L, 
-1881663272L, -58654883L, 1846982470L, 1400111577L, -1397312154L, 
764727738L, -973116667L, 588623493L, -1455079331L, -61460627L, 
-424721390L, -490244287L, 1039003760L, -481367990L, 957069284L, 
-1037982887L, 1583087269L, 1422602707L, -1297975575L, 1253883232L, 
-1813280970L, -1150711197L, 117356768L, -1882140454L, -2045591334L, 
1766393754L, -1135662569L, 1620417220L, 974817832L, 979029463L, 
1486400471L, 1108525767L, -928843930L, -130913664L, -928658591L, 
74067137L, -347381482L, 2003685L, -1663574164L, -1571643332L, 
-1304562532L, 1442350407L, 835531639L, 1559280893L, 1182629580L, 
991373697L, 1237873893L, -1951218096L, 1858923813L, -772916038L, 
-2012298148L, 2068333263L, -1482053727L, -129068093L, -1273038021L, 
-823484363L, 103481542L, 424297961L, 2084601851L, 1101112610L, 
86298154L, -893898291L, -1751342493L, 351912202L, -426990136L, 
377913204L, 1657805885L, 1334239495L, 981030856L, -378114298L, 
-2006561285L, -1798392825L, -1767260977L, -1557099178L, -2134504269L, 
-478153626L, 1979156933L, 943188149L, 1902656174L, 1396169648L, 
1655525478L, -544000461L, 976417312L, -1667052763L, -1786842977L, 
-1860189632L, 413865914L, 2141025063L, -1507921962L, 1897355186L, 
705178255L, -1951951401L, -2092347667L, -1143043637L, -1418905799L, 
87032795L, 330434039L, -578002881L, 109160892L, 245565837L, 1842836212L, 
-1994113127L, -1153703349L, -226002047L, -1733072389L, 1771292458L, 
2135961391L, 2059385591L, -162434645L, 1337773743L, 58658079L, 
1468247676L, -1283551978L, 1199627680L, -1038317720L, 212220953L, 
520900437L, -942098239L, 451249977L, 2102422265L, 1032025941L, 
-285199848L, -1867296987L, 871616562L, 1120901603L, -611814302L, 
1403087533L, -1914363188L, 860878029L, -1610422686L, 1180210369L, 
-2007099763L, 96205458L, 1050246472L, -221867749L, 1300901697L, 
1421399556L, -908049714L, 403218035L, -270568376L, 118511600L, 
1750732188L, -160140175L, 1479662909L, 964748145L, 1521846498L, 
-102513536L, -1660758862L, -505439082L, -1621975730L, -1739068040L, 
328477266L, 34155436L, -944110104L, -709232522L, -1632681022L, 
-339341860L, 283328537L, -2004625004L, -1307021158L, 1522951404L, 
-2004042882L, -1352284337L, 497156503L, 206527783L, 1144329551L, 
-720239761L, -1844460648L, 683574628L, -2042291869L, -197991376L, 
